unit: [ms]

reproducible results only

bcsstk32.mtx

nz_count_len = 44609

seq	64.1895383596	62.3336695135	61.5645498037	
1	61.1287057400	60.4070387781	60.8462877572	
2	39.2484515905	38.8609506190	39.2193309963	
4	36.4105738699	35.6236174703	28.3676572144	
8	46.5039275587	23.4823394567	19.7355840355	
16	21.2063901126	20.2096663415	16.6510622948	
32	20.0147647411	18.3219946921	17.5933446735	
64	18.8392512500	17.1169266105	18.6026953161	
128	22.6461738348	19.8787823319	17.6464430988	

fidapm05.mtx

nz_count_len = 42

seq	0.0302200006	0.0302570006	0.0304700006	
1	0.0329030008	0.0326119989	0.0326809968	
2	0.0390560017	0.0451209999	0.0252669997	
4	0.0168520000	0.0299220010	0.0158159983	
8	0.0116170013	0.0105859999	0.0105580002	
16	0.0892399985	0.1119009976	0.1108529978	
32	0.2515400120	0.1914640015	0.1961060043	
64	0.4188700113	0.3912420070	0.3947549849	
128	1.8399490509	2.8339559212	0.7723629824	

jgl009.mtx

nz_count_len = 9

seq	0.0036170004	0.0032410007	0.0032589996	
1	0.0065250006	0.0070850001	0.0051970001	
2	0.0257080010	0.0082350016	0.0067360015	
4	0.0081519993	0.0067169985	0.0065950007	
8	0.0075999997	0.0053680014	0.0052490013	
16	0.1063009986	0.0877769999	0.0793569998	
32	0.2560190042	0.1870569977	0.2346219990	
64	0.4189999891	0.2553359955	0.3732519981	
128	0.8078159881	0.8706949884	0.5912359920	

